13712
13592
13447
13554
13409
13483
13514
13455
13451
13653
13472
13429
13467
13399
13614
13550
13467
13490
13451
13437
13588
13480
13423
13532
13410
13516
13467
13577
13316
13558
13449
13312
13374
13534
13474
13471
13489
13581
13451
13449
13487
13538
13593
13406
13431
13474
13356
13447
13466
13499
13470
13443
13447
13469
13471
13448
13457
13491
13425
13474
13513
13488
13560
13477
13508
13574
13441
13524
13499
13589
13554
13483
13480
13453
13554
13610
13554
13474
13471
13401
13505
13470
13513
13486
13491
13459
13496
13441
13473
13478
13546
13461
13492
13499
13429
13486
13420
13554
13637
