364807
364964
364928
365089
364870
364724
364398
364851
364573
364762
364303
364497
364389
364652
364520
364124
365143
368883
546698
487263
365045
373967
364534
365211
364683
364438
364862
364873
364916
364652
364968
364260
364505
364470
365087
364529
364795
364833
364724
364466
364890
364676
365178
365109
364930
364833
365257
365035
364843
364956
364787
364647
364656
364845
364602
364714
364885
364698
364860
364924
364901
364953
364528
364575
371744
365076
365522
365330
364601
364900
364682
365038
364567
364739
364581
364698
364893
365122
365620
364756
365122
379442
381069
374106
380641
388378
402579
405544
411551
411733
391443
431458
371220
368320
373579
359733
362934
394548
387499
