379722
378153
378778
379061
379119
379277
379708
379577
379297
379171
378660
379337
379964
380333
411134
364734
364670
365110
364944
364790
365221
365392
364909
364499
364460
374406
364605
364864
364311
376225
364835
364147
365009
364718
364682
364384
364591
364526
365102
365115
364618
364665
365098
364916
365266
365344
365387
364521
364660
364530
364753
364488
364803
461581
365030
364751
364861
381975
366880
364093
364718
364755
466189
363161
364162
364256
364371
364690
365156
364918
364694
364474
364178
364523
364304
364815
365334
365385
365057
364815
364739
364367
364682
364539
364284
364222
364684
365047
364482
365233
364883
364313
365164
364708
365094
364673
364868
364694
364522
