389651
389083
401882
437068
359529
359267
359419
359275
359424
375746
359827
359681
359489
359239
359132
359392
359340
359416
359503
359388
359489
359772
359450
359530
359335
359574
359386
359608
359491
359374
359292
359267
359654
359588
359483
359235
366735
372333
359759
475106
439511
399106
359471
359426
359118
359328
359511
359378
359269
359268
359378
359158
359247
359410
359287
359405
359436
359572
359114
437308
359384
359176
359859
368346
359462
359211
359175
359575
359277
398663
346103
345977
346028
346070
346023
353121
346084
346064
346003
346137
346193
345893
345955
345872
346296
346252
345981
346103
346275
345941
345978
345816
345856
346098
346131
345685
346098
346554
345885
