5168910
4772637
4651412
4682441
4636474
4471557
4252362
4128423
4122613
4145642
4577363
4119972
4145353
4120445
4121008
4142268
4120382
4140679
4143996
4119057
4119107
4243950
4119937
4122357
4162622
4121996
4120473
4146390
4117563
4119096
4141344
4134522
4118852
4286405
4233766
4119231
4141769
4119504
4136387
4148207
4484709
4130577
4163497
4122237
4122191
4420263
4122741
4123873
4144284
4122275
4109499
4128320
4117037
4033527
4007139
4006320
11218039
4009789
4009256
4035223
4007435
4158625
4030559
4007961
4104002
4029439
4008891
4200666
4031611
4004772
4101291
4027930
4007486
4234589
4026579
4009085
4004991
4477680
4407052
4008347
4039094
4006480
4006050
4183595
4105770
4238200
4082050
4004195
4004805
4029042
4253568
4006534
4026313
4011390
4100726
4031998
4009854
4009631
4273506
